45142 0 0.00833542 0.00833542 0
45142 10 0.00747313 0.00747313 0
45142 1 0.00833542 0.00833542 0
45142 11 0.00804799 0.00804799 0
45142 12 0.00776056 0.00776056 0
45142 13 0.00776056 0.00776056 0
45142 14 0.00747313 0.00747313 0
45142 15 0.00804799 0.00804799 0
45142 16 0.00776056 0.00776056 0
45142 17 0.00804799 0.00804799 0
45142 18 0.00804799 0.00804799 0
45142 19 0.00804799 0.00804799 0
45142 20 0.00862285 0.00862285 0
45142 2 0.00804799 0.00804799 0
45142 21 0.00804799 0.00804799 0
45142 22 0.00833542 0.00833542 0
45142 23 0.00891027 0.00891027 0
45142 24 0.00804799 0.00804799 0
45142 25 0.00833542 0.00833542 0
45142 26 0.00804799 0.00804799 0
45142 27 0.00804799 0.00804799 0
45142 28 0.00833542 0.00833542 0
45142 29 0.00833542 0.00833542 0
45142 30 0.00776056 0.00776056 0
45142 3 0.00804799 0.00804799 0
45142 31 0.00804799 0.00804799 0
45142 32 0.00833542 0.00833542 0
45142 33 0.00833542 0.00833542 0
45142 34 0.00776056 0.00776056 0
45142 35 0.0071857 0.0071857 0
45142 36 0.00833542 0.00833542 0
45142 37 0.00747313 0.00747313 0
45142 38 0.00689828 0.00689828 0
45142 39 0.00804799 0.00804799 0
45142 40 0.00804799 0.00804799 0
45142 4 0.00776056 0.00776056 0
45142 41 0.00804799 0.00804799 0
45142 42 0.00776056 0.00776056 0
45142 43 0.00804799 0.00804799 0
45142 44 0.0071857 0.0071857 0
45142 45 0.00747313 0.00747313 0
45142 46 0.00776056 0.00776056 0
45142 47 0.00804799 0.00804799 0
45142 48 0.00776056 0.00776056 0
45142 49 0.0071857 0.0071857 0
45142 50 0.00747313 0.00747313 0
45142 5 0.00776056 0.00776056 0
45142 51 0.00747313 0.00747313 0
45142 52 0.00747313 0.00747313 0
45142 53 0.00747313 0.00747313 0
45142 54 0.00776056 0.00776056 0
45142 55 0.00776056 0.00776056 0
45142 56 0.00747313 0.00747313 0
45142 57 0.00776056 0.00776056 0
45142 58 0.00776056 0.00776056 0
45142 59 0.00747313 0.00747313 0
45142 60 0.00747313 0.00747313 0
45142 6 0.00776056 0.00776056 0
45142 61 0.00747313 0.00747313 0
45142 62 0.00804799 0.00804799 0
45142 63 0.00747313 0.00747313 0
45142 7 0.00804799 0.00804799 0
45142 8 0.00776056 0.00776056 0
45142 9 0.00833542 0.00833542 0
45143 0 0.0071857 0.0071857 0
45143 10 0.0071857 0.0071857 0
45143 1 0.00747313 0.00747313 0
45143 11 0.0071857 0.0071857 0
45143 12 0.0071857 0.0071857 0
45143 13 0.0071857 0.0071857 0
45143 14 0.00747313 0.00747313 0
45143 15 0.0071857 0.0071857 0
45143 16 0.0071857 0.0071857 0
45143 17 0.00689828 0.00689828 0
45143 18 0.00747313 0.00747313 0
45143 19 0.00747313 0.00747313 0
45143 20 0.00747313 0.00747313 0
45143 2 0.00776056 0.00776056 0
45143 21 0.00804799 0.00804799 0
45143 22 0.00776056 0.00776056 0
45143 23 0.00776056 0.00776056 0
45143 24 0.00747313 0.00747313 0
45143 25 0.00747313 0.00747313 0
45143 26 0.0091977 0.0091977 0
45143 27 0.00747313 0.00747313 0
45143 28 0.00776056 0.00776056 0
45143 29 0.00747313 0.00747313 0
45143 30 0.0071857 0.0071857 0
45143 3 0.00776056 0.00776056 0
45143 31 0.00689828 0.00689828 0
45143 32 0.0071857 0.0071857 0
45143 33 0.00747313 0.00747313 0
45143 34 0.00776056 0.00776056 0
45143 35 0.00747313 0.00747313 0
45143 36 0.0071857 0.0071857 0
45143 37 0.00747313 0.00747313 0
45143 38 0.00776056 0.00776056 0
45143 39 0.00776056 0.00776056 0
45143 40 0.00747313 0.00747313 0
45143 4 0.00804799 0.00804799 0
45143 41 0.00776056 0.00776056 0
45143 42 0.00776056 0.00776056 0
45143 43 0.00776056 0.00776056 0
45143 44 0.00804799 0.00804799 0
45143 45 0.00776056 0.00776056 0
45143 46 0.00747313 0.00747313 0
45143 47 0.00776056 0.00776056 0
45143 48 0.0071857 0.0071857 0
45143 49 0.00776056 0.00776056 0
45143 50 0.00776056 0.00776056 0
45143 5 0.00804799 0.00804799 0
45143 51 0.00833542 0.00833542 0
45143 52 0.00804799 0.00804799 0
45143 53 0.00804799 0.00804799 0
45143 54 0.00747313 0.00747313 0
45143 55 0.0112097 0.0112097 0
45143 56 0.00776056 0.00776056 0
45143 57 0.00776056 0.00776056 0
45143 58 0.00776056 0.00776056 0
45143 59 0.00776056 0.00776056 0
45143 60 0.00747313 0.00747313 0
45143 6 0.00776056 0.00776056 0
45143 61 0.00747313 0.00747313 0
45143 62 0.00776056 0.00776056 0
45143 63 0.00747313 0.00747313 0
45143 7 0.0071857 0.0071857 0
45143 8 0.00747313 0.00747313 0
45143 9 0.00776056 0.00776056 0
45144 10 0.00804799 0.00804799 0
45144 1 0.00804799 0.00804799 0
45144 11 0.0071857 0.0071857 0
45144 12 0.00747313 0.00747313 0
45144 13 0.00747313 0.00747313 0
45144 14 0.00689828 0.00689828 0
45144 15 0.00776056 0.00776056 0
45144 16 0.0071857 0.0071857 0
45144 17 0.00689828 0.00689828 0
45144 18 0.00689828 0.00689828 0
45144 19 0.0071857 0.0071857 0
45144 20 0.00689828 0.00689828 0
45144 2 0.00776056 0.00776056 0
45144 21 0.0071857 0.0071857 0
45144 22 0.00747313 0.00747313 0
45144 23 0.00689828 0.00689828 0
45144 24 0.00747313 0.00747313 0
45144 25 0.00747313 0.00747313 0
45144 26 0.00747313 0.00747313 0
45144 27 0.0071857 0.0071857 0
45144 28 0.0071857 0.0071857 0
45144 29 0.00776056 0.00776056 0
45144 30 0.00747313 0.00747313 0
45144 3 0.00776056 0.00776056 0
45144 31 0.0071857 0.0071857 0
45144 32 0.0071857 0.0071857 0
45144 33 0.00747313 0.00747313 0
45144 34 0.00747313 0.00747313 0
45144 35 0.00747313 0.00747313 0
45144 36 0.00747313 0.00747313 0
45144 37 0.00776056 0.00776056 0
45144 38 0.0071857 0.0071857 0
45144 39 0.0071857 0.0071857 0
45144 40 0.00747313 0.00747313 0
45144 4 0.00747313 0.00747313 0
45144 41 0.0071857 0.0071857 0
45144 42 0.0071857 0.0071857 0
45144 43 0.00776056 0.00776056 0
45144 44 0.0071857 0.0071857 0
45144 45 0.00776056 0.00776056 0
45144 46 0.00776056 0.00776056 0
45144 47 0.00689828 0.00689828 0
45144 48 0.0071857 0.0071857 0
45144 49 0.00747313 0.00747313 0
45144 50 0.00689828 0.00689828 0
45144 5 0.00747313 0.00747313 0
45144 51 0.0071857 0.0071857 0
45144 52 0.0071857 0.0071857 0
45144 53 0.0071857 0.0071857 0
45144 54 0.00747313 0.00747313 0
45144 55 0.00689828 0.00689828 0
45144 56 0.00689828 0.00689828 0
45144 57 0.00747313 0.00747313 0
45144 58 0.0071857 0.0071857 0
45144 59 0.0071857 0.0071857 0
45144 60 0.0071857 0.0071857 0
45144 6 0.00747313 0.00747313 0
45144 61 0.00747313 0.00747313 0
45144 62 0.00689828 0.00689828 0
45144 63 0.0071857 0.0071857 0
45144 7 0.00776056 0.00776056 0
45144 8 0.0071857 0.0071857 0
45144 9 0.0071857 0.0071857 0
45145 0 0.00689828 0.00689828 0
45145 10 0.00747313 0.00747313 0
45145 1 0.00661085 0.00661085 0
45145 11 0.00747313 0.00747313 0
45145 12 0.0071857 0.0071857 0
45145 13 0.0071857 0.0071857 0
45145 14 0.0071857 0.0071857 0
45145 15 0.00689828 0.00689828 0
45145 16 0.00747313 0.00747313 0
45145 17 0.00776056 0.00776056 0
45145 18 0.00661085 0.00661085 0
45145 19 0.00689828 0.00689828 0
45145 20 0.0071857 0.0071857 0
45145 2 0.0071857 0.0071857 0
45145 21 0.0071857 0.0071857 0
45145 22 0.00689828 0.00689828 0
45145 23 0.00689828 0.00689828 0
45145 24 0.0071857 0.0071857 0
45145 25 0.00661085 0.00661085 0
45145 26 0.00689828 0.00689828 0
45145 27 0.00689828 0.00689828 0
45145 28 0.00689828 0.00689828 0
45145 29 0.0071857 0.0071857 0
45145 30 0.00689828 0.00689828 0
45145 3 0.0071857 0.0071857 0
45145 31 0.0071857 0.0071857 0
45145 32 0.00689828 0.00689828 0
45145 33 0.00747313 0.00747313 0
45145 34 0.0071857 0.0071857 0
45145 35 0.00689828 0.00689828 0
45145 36 0.0071857 0.0071857 0
45145 37 0.00689828 0.00689828 0
45145 38 0.0071857 0.0071857 0
45145 39 0.00747313 0.00747313 0
45145 40 0.0071857 0.0071857 0
45145 4 0.00689828 0.00689828 0
45145 41 0.0071857 0.0071857 0
45145 42 0.00689828 0.00689828 0
45145 43 0.00689828 0.00689828 0
45145 44 0.00689828 0.00689828 0
45145 45 0.00689828 0.00689828 0
45145 46 0.00776056 0.00776056 0
45145 47 0.00747313 0.00747313 0
45145 48 0.00776056 0.00776056 0
45145 49 0.00776056 0.00776056 0
45145 50 0.00661085 0.00661085 0
45145 5 0.00776056 0.00776056 0
45145 51 0.00689828 0.00689828 0
45145 52 0.00747313 0.00747313 0
45145 53 0.0071857 0.0071857 0
45145 54 0.0071857 0.0071857 0
45145 55 0.00689828 0.00689828 0
45145 56 0.0071857 0.0071857 0
45145 57 0.00661085 0.00661085 0
45145 58 0.00689828 0.00689828 0
45145 59 0.00689828 0.00689828 0
45145 60 0.0071857 0.0071857 0
45145 6 0.0071857 0.0071857 0
45145 61 0.0071857 0.0071857 0
45145 62 0.00776056 0.00776056 0
45145 63 0.00747313 0.00747313 0
45145 7 0.00747313 0.00747313 0
45145 8 0.00804799 0.00804799 0
45145 9 0.00804799 0.00804799 0
45146 0 0.0071857 0.0071857 0
45146 10 0.0071857 0.0071857 0
45146 1 0.00689828 0.00689828 0
45146 11 0.0071857 0.0071857 0
45146 12 0.0071857 0.0071857 0
45146 13 0.00747313 0.00747313 0
45146 14 0.00747313 0.00747313 0
45146 15 0.0071857 0.0071857 0
45146 16 0.0071857 0.0071857 0
45146 17 0.0071857 0.0071857 0
45146 18 0.0071857 0.0071857 0
45146 19 0.0071857 0.0071857 0
45146 20 0.00747313 0.00747313 0
45146 2 0.0071857 0.0071857 0
45146 21 0.00747313 0.00747313 0
45146 22 0.00747313 0.00747313 0
45146 23 0.0071857 0.0071857 0
45146 24 0.0071857 0.0071857 0
45146 25 0.0071857 0.0071857 0
45146 26 0.00804799 0.00804799 0
45146 27 0.00776056 0.00776056 0
45146 28 0.0071857 0.0071857 0
45146 29 0.00747313 0.00747313 0
45146 30 0.00747313 0.00747313 0
45146 3 0.00747313 0.00747313 0
45146 31 0.0071857 0.0071857 0
45146 32 0.0071857 0.0071857 0
45146 33 0.0071857 0.0071857 0
45146 34 0.00747313 0.00747313 0
45146 35 0.00689828 0.00689828 0
45146 36 0.0071857 0.0071857 0
45146 37 0.0071857 0.0071857 0
45146 38 0.0071857 0.0071857 0
45146 39 0.0071857 0.0071857 0
45146 40 0.00776056 0.00776056 0
45146 4 0.0071857 0.0071857 0
45146 41 0.00804799 0.00804799 0
45146 42 0.00747313 0.00747313 0
45146 43 0.00776056 0.00776056 0
45146 44 0.00747313 0.00747313 0
45146 45 0.00804799 0.00804799 0
45146 46 0.00776056 0.00776056 0
45146 47 0.00804799 0.00804799 0
45146 48 0.0071857 0.0071857 0
45146 49 0.00747313 0.00747313 0
45146 50 0.00747313 0.00747313 0
45146 5 0.00689828 0.00689828 0
45146 51 0.00776056 0.00776056 0
45146 52 0.0071857 0.0071857 0
45146 53 0.00689828 0.00689828 0
45146 54 0.00689828 0.00689828 0
45146 55 0.0071857 0.0071857 0
45146 56 0.0071857 0.0071857 0
45146 57 0.0071857 0.0071857 0
45146 58 0.0071857 0.0071857 0
45146 59 0.0071857 0.0071857 0
45146 60 0.00747313 0.00747313 0
45146 6 0.0071857 0.0071857 0
45146 61 0.0071857 0.0071857 0
45146 62 0.0071857 0.0071857 0
45146 63 0.0071857 0.0071857 0
45146 7 0.0071857 0.0071857 0
45146 8 0.0071857 0.0071857 0
45146 9 0.0071857 0.0071857 0
45147 0 0.0071857 0.0071857 0
45147 10 0.00747313 0.00747313 0
45147 1 0.0071857 0.0071857 0
45147 11 0.00747313 0.00747313 0
45147 12 0.00776056 0.00776056 0
45147 13 0.00747313 0.00747313 0
45147 14 0.00776056 0.00776056 0
45147 15 0.0071857 0.0071857 0
45147 16 0.0071857 0.0071857 0
45147 17 0.00747313 0.00747313 0
45147 18 0.00747313 0.00747313 0
45147 19 0.00689828 0.00689828 0
45147 20 0.00689828 0.00689828 0
45147 2 0.00747313 0.00747313 0
45147 21 0.0071857 0.0071857 0
45147 22 0.0071857 0.0071857 0
45147 23 0.00747313 0.00747313 0
45147 24 0.0071857 0.0071857 0
45147 25 0.0071857 0.0071857 0
45147 26 0.00747313 0.00747313 0
45147 27 0.00747313 0.00747313 0
45147 28 0.00747313 0.00747313 0
45147 29 0.00689828 0.00689828 0
45147 30 0.00689828 0.00689828 0
45147 3 0.0071857 0.0071857 0
45147 31 0.00689828 0.00689828 0
45147 32 0.0071857 0.0071857 0
45147 33 0.00689828 0.00689828 0
45147 34 0.0071857 0.0071857 0
45147 35 0.0071857 0.0071857 0
45147 36 0.0071857 0.0071857 0
45147 37 0.00776056 0.00776056 0
45147 38 0.00747313 0.00747313 0
45147 39 0.00747313 0.00747313 0
45147 40 0.0071857 0.0071857 0
45147 4 0.0071857 0.0071857 0
45147 41 0.00747313 0.00747313 0
45147 42 0.0071857 0.0071857 0
45147 43 0.0071857 0.0071857 0
45147 44 0.0071857 0.0071857 0
45147 45 0.0071857 0.0071857 0
45147 46 0.00689828 0.00689828 0
45147 47 0.00689828 0.00689828 0
45147 48 0.00689828 0.00689828 0
45147 49 0.0071857 0.0071857 0
45147 50 0.00689828 0.00689828 0
45147 5 0.00804799 0.00804799 0
45147 51 0.00689828 0.00689828 0
45147 52 0.00689828 0.00689828 0
45147 53 0.00689828 0.00689828 0
45147 54 0.0071857 0.0071857 0
45147 55 0.00747313 0.00747313 0
45147 56 0.0071857 0.0071857 0
45147 57 0.00689828 0.00689828 0
45147 58 0.00747313 0.00747313 0
45147 59 0.0071857 0.0071857 0
45147 60 0.0071857 0.0071857 0
45147 6 0.0071857 0.0071857 0
45147 61 0.00747313 0.00747313 0
45147 62 0.00747313 0.00747313 0
45147 63 0.00747313 0.00747313 0
45147 7 0.0071857 0.0071857 0
45147 8 0.0071857 0.0071857 0
45147 9 0.0071857 0.0071857 0
45148 0 0.00747313 0.00747313 0
45148 10 0.00661085 0.00661085 0
45148 1 0.00776056 0.00776056 0
45148 11 0.0071857 0.0071857 0
45148 12 0.00689828 0.00689828 0
45148 13 0.0071857 0.0071857 0
45148 14 0.0071857 0.0071857 0
45148 15 0.0071857 0.0071857 0
45148 16 0.0071857 0.0071857 0
45148 17 0.00689828 0.00689828 0
45148 18 0.00689828 0.00689828 0
45148 19 0.00689828 0.00689828 0
45148 20 0.00689828 0.00689828 0
45148 2 0.00776056 0.00776056 0
45148 21 0.00747313 0.00747313 0
45148 22 0.00689828 0.00689828 0
45148 23 0.00689828 0.00689828 0
45148 24 0.00747313 0.00747313 0
45148 25 0.0071857 0.0071857 0
45148 26 0.0071857 0.0071857 0
45148 27 0.00689828 0.00689828 0
45148 28 0.0071857 0.0071857 0
45148 29 0.0071857 0.0071857 0
45148 30 0.0071857 0.0071857 0
45148 3 0.00776056 0.00776056 0
45148 31 0.00747313 0.00747313 0
45148 32 0.0071857 0.0071857 0
45148 33 0.0071857 0.0071857 0
45148 34 0.00747313 0.00747313 0
45148 35 0.00747313 0.00747313 0
45148 36 0.00689828 0.00689828 0
45148 37 0.0071857 0.0071857 0
45148 38 0.0071857 0.0071857 0
45148 39 0.00747313 0.00747313 0
45148 40 0.00747313 0.00747313 0
45148 4 0.0071857 0.0071857 0
45148 41 0.00747313 0.00747313 0
45148 42 0.0071857 0.0071857 0
45148 43 0.0071857 0.0071857 0
45148 44 0.00747313 0.00747313 0
45148 45 0.00747313 0.00747313 0
45148 46 0.00747313 0.00747313 0
45148 47 0.0071857 0.0071857 0
45148 48 0.0071857 0.0071857 0
45148 49 0.0071857 0.0071857 0
45148 50 0.0071857 0.0071857 0
45148 5 0.00776056 0.00776056 0
45148 51 0.00747313 0.00747313 0
45148 52 0.0071857 0.0071857 0
45148 53 0.00689828 0.00689828 0
45148 54 0.0071857 0.0071857 0
45148 55 0.0071857 0.0071857 0
45148 56 0.00747313 0.00747313 0
45148 57 0.0071857 0.0071857 0
45148 58 0.00747313 0.00747313 0
45148 59 0.0071857 0.0071857 0
45148 60 0.0071857 0.0071857 0
45148 6 0.00747313 0.00747313 0
45148 61 0.0071857 0.0071857 0
45148 62 0.00747313 0.00747313 0
45148 63 0.00804799 0.00804799 0
45148 7 0.0071857 0.0071857 0
45148 8 0.00776056 0.00776056 0
45148 9 0.00689828 0.00689828 0
45149 0 0.00833542 0.00833542 0
45149 10 0.00747313 0.00747313 0
45149 1 0.00776056 0.00776056 0
45149 11 0.00776056 0.00776056 0
45149 12 0.00747313 0.00747313 0
45149 13 0.00862285 0.00862285 0
45149 14 0.0071857 0.0071857 0
45149 15 0.00747313 0.00747313 0
45149 16 0.00747313 0.00747313 0
45149 17 0.00804799 0.00804799 0
45149 18 0.00776056 0.00776056 0
45149 19 0.00747313 0.00747313 0
45149 20 0.0071857 0.0071857 0
45149 2 0.00776056 0.00776056 0
45149 21 0.0071857 0.0071857 0
45149 22 0.0071857 0.0071857 0
45149 23 0.00747313 0.00747313 0
45149 24 0.00747313 0.00747313 0
45149 25 0.0071857 0.0071857 0
45149 26 0.0071857 0.0071857 0
45149 27 0.0071857 0.0071857 0
45149 28 0.00747313 0.00747313 0
45149 29 0.00747313 0.00747313 0
45149 30 0.0071857 0.0071857 0
45149 3 0.00776056 0.00776056 0
45149 31 0.0071857 0.0071857 0
45149 32 0.0071857 0.0071857 0
45149 33 0.0071857 0.0071857 0
45149 34 0.0071857 0.0071857 0
45149 35 0.00776056 0.00776056 0
45149 36 0.0071857 0.0071857 0
45149 37 0.0071857 0.0071857 0
45149 38 0.0071857 0.0071857 0
45149 39 0.0071857 0.0071857 0
45149 40 0.00776056 0.00776056 0
45149 4 0.00747313 0.00747313 0
45149 41 0.00747313 0.00747313 0
45149 42 0.00747313 0.00747313 0
45149 43 0.0071857 0.0071857 0
45149 44 0.0126468 0.0126468 0
45149 45 0.0071857 0.0071857 0
45149 46 0.00689828 0.00689828 0
45149 47 0.0071857 0.0071857 0
45149 48 0.00747313 0.00747313 0
45149 49 0.0071857 0.0071857 0
45149 50 0.00689828 0.00689828 0
45149 5 0.00747313 0.00747313 0
45149 51 0.00689828 0.00689828 0
45149 52 0.0071857 0.0071857 0
45149 53 0.0071857 0.0071857 0
45149 54 0.0071857 0.0071857 0
45149 55 0.0071857 0.0071857 0
45149 56 0.00689828 0.00689828 0
45149 57 0.0071857 0.0071857 0
45149 58 0.00689828 0.00689828 0
45149 59 0.0071857 0.0071857 0
45149 60 0.0071857 0.0071857 0
45149 6 0.0071857 0.0071857 0
45149 61 0.00747313 0.00747313 0
45149 62 0.0071857 0.0071857 0
45149 63 0.00747313 0.00747313 0
45149 7 0.00747313 0.00747313 0
45149 8 0.00747313 0.00747313 0
45149 9 0.00776056 0.00776056 0
45150 0 0.0071857 0.0071857 0
45150 10 0.00747313 0.00747313 0
45150 1 0.0071857 0.0071857 0
45150 11 0.0071857 0.0071857 0
45150 12 0.0071857 0.0071857 0
45150 13 0.00747313 0.00747313 0
45150 14 0.0071857 0.0071857 0
45150 15 0.00689828 0.00689828 0
45150 16 0.0071857 0.0071857 0
45150 17 0.00689828 0.00689828 0
45150 18 0.00689828 0.00689828 0
45150 19 0.00689828 0.00689828 0
45150 20 0.0071857 0.0071857 0
45150 2 0.00747313 0.00747313 0
45150 21 0.0071857 0.0071857 0
45150 22 0.00747313 0.00747313 0
45150 23 0.00747313 0.00747313 0
45150 24 0.00747313 0.00747313 0
45150 25 0.0071857 0.0071857 0
45150 26 0.0071857 0.0071857 0
45150 27 0.0071857 0.0071857 0
45150 28 0.00747313 0.00747313 0
45150 29 0.0071857 0.0071857 0
45150 30 0.0071857 0.0071857 0
45150 3 0.0071857 0.0071857 0
45150 31 0.0071857 0.0071857 0
45150 32 0.00689828 0.00689828 0
45150 33 0.0071857 0.0071857 0
45150 34 0.0071857 0.0071857 0
45150 35 0.0071857 0.0071857 0
45150 36 0.00747313 0.00747313 0
45150 37 0.00776056 0.00776056 0
45150 38 0.00776056 0.00776056 0
45150 39 0.00747313 0.00747313 0
45150 40 0.00804799 0.00804799 0
45150 4 0.0071857 0.0071857 0
45150 41 0.00776056 0.00776056 0
45150 42 0.00747313 0.00747313 0
45150 43 0.00776056 0.00776056 0
45150 44 0.00747313 0.00747313 0
45150 45 0.0071857 0.0071857 0
45150 46 0.00689828 0.00689828 0
45150 47 0.0071857 0.0071857 0
45150 48 0.0071857 0.0071857 0
45150 49 0.0071857 0.0071857 0
45150 50 0.00776056 0.00776056 0
45150 5 0.0071857 0.0071857 0
45150 51 0.00747313 0.00747313 0
45150 52 0.0071857 0.0071857 0
45150 53 0.00747313 0.00747313 0
45150 54 0.00747313 0.00747313 0
45150 55 0.00689828 0.00689828 0
45150 56 0.00689828 0.00689828 0
45150 57 0.00661085 0.00661085 0
45150 58 0.0071857 0.0071857 0
45150 59 0.00689828 0.00689828 0
45150 60 0.00632342 0.00632342 0
45150 6 0.0071857 0.0071857 0
45150 61 0.0071857 0.0071857 0
45150 62 0.0071857 0.0071857 0
45150 63 0.0071857 0.0071857 0
45150 7 0.0071857 0.0071857 0
45150 8 0.0071857 0.0071857 0
45150 9 0.0071857 0.0071857 0
45151 0 0.0071857 0.0071857 0
45151 10 0.00747313 0.00747313 0
45151 1 0.00747313 0.00747313 0
45151 11 0.0071857 0.0071857 0
45151 12 0.00747313 0.00747313 0
45151 13 0.00747313 0.00747313 0
45151 14 0.00689828 0.00689828 0
45151 15 0.00747313 0.00747313 0
45151 16 0.00747313 0.00747313 0
45151 17 0.00747313 0.00747313 0
45151 18 0.0071857 0.0071857 0
45151 19 0.00689828 0.00689828 0
45151 20 0.00747313 0.00747313 0
45151 2 0.00689828 0.00689828 0
45151 21 0.0071857 0.0071857 0
45151 22 0.0071857 0.0071857 0
45151 23 0.0071857 0.0071857 0
45151 24 0.00689828 0.00689828 0
45151 25 0.00689828 0.00689828 0
45151 26 0.00747313 0.00747313 0
45151 27 0.00776056 0.00776056 0
45151 28 0.00689828 0.00689828 0
45151 29 0.00776056 0.00776056 0
45151 30 0.00776056 0.00776056 0
45151 3 0.00776056 0.00776056 0
45151 31 0.00776056 0.00776056 0
45151 32 0.00747313 0.00747313 0
45151 33 0.0071857 0.0071857 0
45151 34 0.00747313 0.00747313 0
45151 35 0.00747313 0.00747313 0
45151 36 0.00747313 0.00747313 0
45151 37 0.00747313 0.00747313 0
45151 38 0.0071857 0.0071857 0
45151 39 0.00747313 0.00747313 0
45151 40 0.0071857 0.0071857 0
45151 4 0.00689828 0.00689828 0
45151 41 0.00747313 0.00747313 0
45151 42 0.00747313 0.00747313 0
45151 43 0.00747313 0.00747313 0
45151 44 0.00776056 0.00776056 0
45151 45 0.00747313 0.00747313 0
45151 46 0.00747313 0.00747313 0
45151 47 0.00747313 0.00747313 0
45151 48 0.00776056 0.00776056 0
45151 49 0.00747313 0.00747313 0
45151 50 0.00747313 0.00747313 0
45151 5 0.00776056 0.00776056 0
45151 51 0.00747313 0.00747313 0
45151 52 0.00776056 0.00776056 0
45151 53 0.0117846 0.0117846 0
45151 54 0.00747313 0.00747313 0
45151 55 0.0071857 0.0071857 0
45151 56 0.0071857 0.0071857 0
45151 57 0.0071857 0.0071857 0
45151 58 0.0071857 0.0071857 0
45151 59 0.00747313 0.00747313 0
45151 60 0.0071857 0.0071857 0
45151 6 0.00689828 0.00689828 0
45151 61 0.0071857 0.0071857 0
45151 62 0.0071857 0.0071857 0
45151 63 0.00747313 0.00747313 0
45151 7 0.00747313 0.00747313 0
45151 8 0.00689828 0.00689828 0
45151 9 0.00747313 0.00747313 0
45152 0 0.0071857 0.0071857 0
45152 10 0.00804799 0.00804799 0
45152 1 0.00776056 0.00776056 0
45152 11 0.00747313 0.00747313 0
45152 12 0.0071857 0.0071857 0
45152 13 0.0071857 0.0071857 0
45152 14 0.0071857 0.0071857 0
45152 15 0.0071857 0.0071857 0
45152 16 0.00747313 0.00747313 0
45152 17 0.0071857 0.0071857 0
45152 18 0.0071857 0.0071857 0
45152 19 0.0071857 0.0071857 0
45152 20 0.00689828 0.00689828 0
45152 2 0.0071857 0.0071857 0
45152 21 0.0071857 0.0071857 0
45152 22 0.00747313 0.00747313 0
45152 23 0.0071857 0.0071857 0
45152 24 0.00747313 0.00747313 0
45152 25 0.00747313 0.00747313 0
45152 26 0.00689828 0.00689828 0
45152 27 0.00747313 0.00747313 0
45152 28 0.00776056 0.00776056 0
45152 29 0.00689828 0.00689828 0
45152 30 0.00689828 0.00689828 0
45152 3 0.0071857 0.0071857 0
45152 31 0.00747313 0.00747313 0
45152 32 0.0071857 0.0071857 0
45152 33 0.0071857 0.0071857 0
45152 34 0.00689828 0.00689828 0
45152 35 0.0071857 0.0071857 0
45152 36 0.00747313 0.00747313 0
45152 37 0.00689828 0.00689828 0
45152 38 0.00689828 0.00689828 0
45152 39 0.00689828 0.00689828 0
45152 40 0.00661085 0.00661085 0
45152 4 0.0071857 0.0071857 0
45152 41 0.00689828 0.00689828 0
45152 42 0.0071857 0.0071857 0
45152 43 0.00661085 0.00661085 0
45152 44 0.00747313 0.00747313 0
45152 45 0.00689828 0.00689828 0
45152 46 0.00689828 0.00689828 0
45152 47 0.00661085 0.00661085 0
45152 48 0.0071857 0.0071857 0
45152 49 0.00747313 0.00747313 0
45152 50 0.00776056 0.00776056 0
45152 5 0.0071857 0.0071857 0
45152 51 0.0071857 0.0071857 0
45152 52 0.0071857 0.0071857 0
45152 53 0.00689828 0.00689828 0
45152 54 0.0071857 0.0071857 0
45152 55 0.00747313 0.00747313 0
45152 56 0.00776056 0.00776056 0
45152 57 0.0071857 0.0071857 0
45152 58 0.0071857 0.0071857 0
45152 59 0.00747313 0.00747313 0
45152 60 0.00689828 0.00689828 0
45152 6 0.00747313 0.00747313 0
45152 61 0.00689828 0.00689828 0
45152 62 0.00689828 0.00689828 0
45152 63 0.00689828 0.00689828 0
45152 7 0.0071857 0.0071857 0
45152 8 0.00747313 0.00747313 0
45152 9 0.00747313 0.00747313 0
45153 0 0.00689828 0.00689828 0
45153 10 0.00689828 0.00689828 0
45153 1 0.00689828 0.00689828 0
45153 11 0.0071857 0.0071857 0
45153 12 0.00689828 0.00689828 0
45153 13 0.00689828 0.00689828 0
45153 14 0.0071857 0.0071857 0
45153 15 0.0071857 0.0071857 0
45153 16 0.0071857 0.0071857 0
45153 17 0.0071857 0.0071857 0
45153 18 0.00689828 0.00689828 0
45153 19 0.00689828 0.00689828 0
45153 20 0.00689828 0.00689828 0
45153 2 0.00689828 0.00689828 0
45153 21 0.00689828 0.00689828 0
45153 22 0.0071857 0.0071857 0
45153 23 0.00689828 0.00689828 0
45153 24 0.00689828 0.00689828 0
45153 25 0.00747313 0.00747313 0
45153 26 0.0071857 0.0071857 0
45153 27 0.0071857 0.0071857 0
45153 28 0.0071857 0.0071857 0
45153 29 0.00689828 0.00689828 0
45153 30 0.0071857 0.0071857 0
45153 3 0.0071857 0.0071857 0
45153 31 0.0071857 0.0071857 0
45153 32 0.0071857 0.0071857 0
45153 33 0.00776056 0.00776056 0
45153 34 0.00747313 0.00747313 0
45153 35 0.00747313 0.00747313 0
45153 36 0.0071857 0.0071857 0
45153 37 0.00689828 0.00689828 0
45153 38 0.0071857 0.0071857 0
45153 39 0.00689828 0.00689828 0
45153 40 0.00689828 0.00689828 0
45153 4 0.00689828 0.00689828 0
45153 41 0.00689828 0.00689828 0
45153 42 0.00689828 0.00689828 0
45153 43 0.00661085 0.00661085 0
45153 44 0.00661085 0.00661085 0
45153 45 0.00689828 0.00689828 0
45153 46 0.00661085 0.00661085 0
45153 47 0.00747313 0.00747313 0
45153 48 0.0071857 0.0071857 0
45153 49 0.0071857 0.0071857 0
45153 50 0.00689828 0.00689828 0
45153 5 0.00689828 0.00689828 0
45153 51 0.00689828 0.00689828 0
45153 52 0.00689828 0.00689828 0
45153 53 0.00689828 0.00689828 0
45153 54 0.0071857 0.0071857 0
45153 55 0.00689828 0.00689828 0
45153 56 0.00689828 0.00689828 0
45153 57 0.00689828 0.00689828 0
45153 58 0.00689828 0.00689828 0
45153 59 0.00689828 0.00689828 0
45153 60 0.0071857 0.0071857 0
45153 6 0.0071857 0.0071857 0
45153 61 0.0071857 0.0071857 0
45153 62 0.0071857 0.0071857 0
45153 63 0.0071857 0.0071857 0
45153 7 0.00747313 0.00747313 0
45153 8 0.0071857 0.0071857 0
45153 9 0.0071857 0.0071857 0
45154 0 0.0071857 0.0071857 0
45154 10 0.00747313 0.00747313 0
45154 1 0.00747313 0.00747313 0
45154 11 0.00689828 0.00689828 0
45154 12 0.00689828 0.00689828 0
45154 13 0.0071857 0.0071857 0
45154 14 0.00747313 0.00747313 0
45154 15 0.00689828 0.00689828 0
45154 16 0.00689828 0.00689828 0
45154 17 0.0071857 0.0071857 0
45154 18 0.0071857 0.0071857 0
45154 19 0.0071857 0.0071857 0
45154 20 0.00747313 0.00747313 0
45154 2 0.0071857 0.0071857 0
45154 21 0.00977256 0.00977256 0
45154 22 0.0071857 0.0071857 0
45154 23 0.00747313 0.00747313 0
45154 24 0.0071857 0.0071857 0
45154 25 0.0071857 0.0071857 0
45154 26 0.0071857 0.0071857 0
45154 27 0.00747313 0.00747313 0
45154 28 0.00747313 0.00747313 0
45154 29 0.0071857 0.0071857 0
45154 30 0.0071857 0.0071857 0
45154 3 0.00776056 0.00776056 0
45154 31 0.00747313 0.00747313 0
45154 32 0.00747313 0.00747313 0
45154 33 0.0071857 0.0071857 0
45154 34 0.00776056 0.00776056 0
45154 35 0.00776056 0.00776056 0
45154 36 0.00833542 0.00833542 0
45154 37 0.00776056 0.00776056 0
45154 38 0.0071857 0.0071857 0
45154 39 0.00689828 0.00689828 0
45154 40 0.0071857 0.0071857 0
45154 4 0.00747313 0.00747313 0
45154 41 0.0071857 0.0071857 0
45154 42 0.00689828 0.00689828 0
45154 43 0.00689828 0.00689828 0
45154 44 0.00689828 0.00689828 0
45154 45 0.0071857 0.0071857 0
45154 46 0.0071857 0.0071857 0
45154 47 0.00776056 0.00776056 0
45154 48 0.00661085 0.00661085 0
45154 49 0.00689828 0.00689828 0
45154 50 0.0071857 0.0071857 0
45154 5 0.00776056 0.00776056 0
45154 51 0.00689828 0.00689828 0
45154 52 0.00689828 0.00689828 0
45154 53 0.00689828 0.00689828 0
45154 54 0.0071857 0.0071857 0
45154 55 0.00661085 0.00661085 0
45154 56 0.0071857 0.0071857 0
45154 57 0.0071857 0.0071857 0
45154 58 0.00747313 0.00747313 0
45154 60 0.0071857 0.0071857 0
45154 6 0.00689828 0.00689828 0
45154 61 0.0071857 0.0071857 0
45154 62 0.0071857 0.0071857 0
45154 63 0.00661085 0.00661085 0
45154 7 0.00747313 0.00747313 0
45154 8 0.00747313 0.00747313 0
45154 9 0.0071857 0.0071857 0
45155 0 0.0071857 0.0071857 0
45155 10 0.0071857 0.0071857 0
45155 1 0.00689828 0.00689828 0
45155 11 0.00661085 0.00661085 0
45155 12 0.0071857 0.0071857 0
45155 13 0.00689828 0.00689828 0
45155 14 0.0071857 0.0071857 0
45155 15 0.00747313 0.00747313 0
45155 16 0.0071857 0.0071857 0
45155 17 0.00661085 0.00661085 0
45155 18 0.0071857 0.0071857 0
45155 19 0.0071857 0.0071857 0
45155 20 0.00689828 0.00689828 0
45155 2 0.00689828 0.00689828 0
45155 21 0.00689828 0.00689828 0
45155 22 0.0071857 0.0071857 0
45155 23 0.00661085 0.00661085 0
45155 24 0.0071857 0.0071857 0
45155 25 0.00689828 0.00689828 0
45155 26 0.00689828 0.00689828 0
45155 27 0.0071857 0.0071857 0
45155 28 0.00689828 0.00689828 0
45155 29 0.00661085 0.00661085 0
45155 30 0.00689828 0.00689828 0
45155 3 0.00689828 0.00689828 0
45155 31 0.0071857 0.0071857 0
45155 32 0.00689828 0.00689828 0
45155 33 0.00661085 0.00661085 0
45155 34 0.00661085 0.00661085 0
45155 35 0.00689828 0.00689828 0
45155 36 0.00689828 0.00689828 0
45155 37 0.00689828 0.00689828 0
45155 38 0.00689828 0.00689828 0
45155 39 0.0071857 0.0071857 0
45155 40 0.00689828 0.00689828 0
45155 4 0.00661085 0.00661085 0
45155 41 0.00661085 0.00661085 0
45155 42 0.0071857 0.0071857 0
45155 43 0.00689828 0.00689828 0
45155 44 0.00661085 0.00661085 0
45155 45 0.00661085 0.00661085 0
45155 46 0.00661085 0.00661085 0
45155 47 0.00661085 0.00661085 0
45155 48 0.00632342 0.00632342 0
45155 49 0.00632342 0.00632342 0
45155 50 0.00632342 0.00632342 0
45155 5 0.00689828 0.00689828 0
45155 51 0.00632342 0.00632342 0
45155 52 0.00661085 0.00661085 0
45155 53 0.00632342 0.00632342 0
45155 54 0.00661085 0.00661085 0
45155 55 0.00747313 0.00747313 0
45155 56 0.00689828 0.00689828 0
45155 57 0.00689828 0.00689828 0
45155 58 0.00689828 0.00689828 0
45155 59 0.00689828 0.00689828 0
45155 60 0.00689828 0.00689828 0
45155 6 0.00661085 0.00661085 0
45155 61 0.00689828 0.00689828 0
45155 62 0.00689828 0.00689828 0
45155 63 0.0071857 0.0071857 0
45155 7 0.0071857 0.0071857 0
45155 8 0.0071857 0.0071857 0
45155 9 0.00689828 0.00689828 0
45156 0 0.0071857 0.0071857 0
45156 10 0.00689828 0.00689828 0
45156 1 0.0071857 0.0071857 0
45156 11 0.00689828 0.00689828 0
45156 12 0.00689828 0.00689828 0
45156 13 0.00689828 0.00689828 0
45156 14 0.00689828 0.00689828 0
45156 15 0.00689828 0.00689828 0
45156 16 0.0071857 0.0071857 0
45156 17 0.00661085 0.00661085 0
45156 18 0.00661085 0.00661085 0
45156 19 0.00689828 0.00689828 0
45156 20 0.0071857 0.0071857 0
45156 2 0.00689828 0.00689828 0
45156 21 0.0071857 0.0071857 0
45156 22 0.00689828 0.00689828 0
45156 23 0.00689828 0.00689828 0
45156 24 0.00661085 0.00661085 0
45156 25 0.00689828 0.00689828 0
45156 26 0.0071857 0.0071857 0
45156 27 0.00689828 0.00689828 0
45156 28 0.0071857 0.0071857 0
45156 29 0.0071857 0.0071857 0
45156 30 0.00689828 0.00689828 0
45156 3 0.00689828 0.00689828 0
45156 31 0.00747313 0.00747313 0
45156 32 0.00747313 0.00747313 0
45156 33 0.00661085 0.00661085 0
45156 34 0.00689828 0.00689828 0
45156 35 0.00661085 0.00661085 0
45156 36 0.00689828 0.00689828 0
45156 37 0.00661085 0.00661085 0
45156 38 0.00689828 0.00689828 0
45156 39 0.0071857 0.0071857 0
45156 40 0.00689828 0.00689828 0
45156 4 0.0071857 0.0071857 0
45156 41 0.00689828 0.00689828 0
45156 42 0.0071857 0.0071857 0
45156 43 0.00689828 0.00689828 0
45156 44 0.00632342 0.00632342 0
45156 45 0.00689828 0.00689828 0
45156 46 0.0071857 0.0071857 0
45156 47 0.00689828 0.00689828 0
45156 48 0.00689828 0.00689828 0
45156 49 0.0071857 0.0071857 0
45156 50 0.0071857 0.0071857 0
45156 5 0.00689828 0.00689828 0
45156 51 0.0071857 0.0071857 0
45156 52 0.00747313 0.00747313 0
45156 53 0.0071857 0.0071857 0
45156 54 0.0071857 0.0071857 0
45156 55 0.0071857 0.0071857 0
45156 56 0.0071857 0.0071857 0
45156 57 0.0071857 0.0071857 0
45156 58 0.0071857 0.0071857 0
45156 59 0.00747313 0.00747313 0
45156 60 0.0071857 0.0071857 0
45156 6 0.00661085 0.00661085 0
45156 61 0.0071857 0.0071857 0
45156 62 0.0071857 0.0071857 0
45156 63 0.0071857 0.0071857 0
45156 7 0.00747313 0.00747313 0
45156 8 0.0071857 0.0071857 0
45156 9 0.0071857 0.0071857 0
45157 0 0.0071857 0.0071857 0
45157 10 0.0071857 0.0071857 0
45157 1 0.0071857 0.0071857 0
45157 11 0.00747313 0.00747313 0
45157 12 0.0071857 0.0071857 0
45157 13 0.0071857 0.0071857 0
45157 14 0.00689828 0.00689828 0
45157 15 0.00689828 0.00689828 0
45157 16 0.00661085 0.00661085 0
45157 17 0.00689828 0.00689828 0
45157 18 0.00661085 0.00661085 0
45157 19 0.0071857 0.0071857 0
45157 20 0.00747313 0.00747313 0
45157 2 0.0071857 0.0071857 0
45157 21 0.00747313 0.00747313 0
45157 22 0.0071857 0.0071857 0
45157 23 0.0071857 0.0071857 0
45157 24 0.0071857 0.0071857 0
45157 25 0.0117846 0.0117846 0
45157 26 0.00689828 0.00689828 0
45157 27 0.0071857 0.0071857 0
45157 28 0.0071857 0.0071857 0
45157 29 0.00689828 0.00689828 0
45157 30 0.00689828 0.00689828 0
45157 3 0.0071857 0.0071857 0
45157 31 0.00689828 0.00689828 0
45157 32 0.00689828 0.00689828 0
45157 33 0.0071857 0.0071857 0
45157 34 0.00747313 0.00747313 0
45157 35 0.0071857 0.0071857 0
45157 36 0.0071857 0.0071857 0
45157 37 0.00689828 0.00689828 0
45157 38 0.0071857 0.0071857 0
45157 39 0.0071857 0.0071857 0
45157 40 0.0071857 0.0071857 0
45157 4 0.0071857 0.0071857 0
45157 41 0.00747313 0.00747313 0
45157 42 0.00747313 0.00747313 0
45157 43 0.0071857 0.0071857 0
45157 44 0.00776056 0.00776056 0
45157 45 0.0071857 0.0071857 0
45157 46 0.00747313 0.00747313 0
45157 47 0.0071857 0.0071857 0
45157 48 0.0071857 0.0071857 0
45157 49 0.0071857 0.0071857 0
45157 50 0.0071857 0.0071857 0
45157 5 0.00776056 0.00776056 0
45157 51 0.00689828 0.00689828 0
45157 52 0.00661085 0.00661085 0
45157 53 0.00689828 0.00689828 0
45157 54 0.00747313 0.00747313 0
45157 55 0.00689828 0.00689828 0
45157 56 0.0071857 0.0071857 0
45157 57 0.00689828 0.00689828 0
45157 58 0.00689828 0.00689828 0
45157 59 0.0071857 0.0071857 0
45157 60 0.00689828 0.00689828 0
45157 6 0.00689828 0.00689828 0
45157 61 0.0071857 0.0071857 0
45157 62 0.0071857 0.0071857 0
45157 63 0.0071857 0.0071857 0
45157 7 0.00689828 0.00689828 0
45157 8 0.00689828 0.00689828 0
45157 9 0.00747313 0.00747313 0
45158 0 0.00632342 0.00632342 0
45158 10 0.00689828 0.00689828 0
45158 1 0.0071857 0.0071857 0
45158 11 0.0071857 0.0071857 0
45158 12 0.00747313 0.00747313 0
45158 13 0.0071857 0.0071857 0
45158 14 0.0071857 0.0071857 0
45158 15 0.00689828 0.00689828 0
45158 16 0.00661085 0.00661085 0
45158 17 0.00661085 0.00661085 0
45158 18 0.00689828 0.00689828 0
45158 19 0.00689828 0.00689828 0
45158 20 0.0071857 0.0071857 0
45158 2 0.00689828 0.00689828 0
45158 21 0.00776056 0.00776056 0
45158 22 0.00747313 0.00747313 0
45158 23 0.00747313 0.00747313 0
45158 24 0.00632342 0.00632342 0
45158 25 0.00689828 0.00689828 0
45158 26 0.0071857 0.0071857 0
45158 27 0.00689828 0.00689828 0
45158 28 0.00689828 0.00689828 0
45158 29 0.00632342 0.00632342 0
45158 30 0.00632342 0.00632342 0
45158 3 0.00689828 0.00689828 0
45158 31 0.00661085 0.00661085 0
45158 32 0.0071857 0.0071857 0
45158 33 0.00661085 0.00661085 0
45158 34 0.00833542 0.00833542 0
45158 35 0.00661085 0.00661085 0
45158 36 0.00689828 0.00689828 0
45158 37 0.0071857 0.0071857 0
45158 38 0.00689828 0.00689828 0
45158 39 0.0071857 0.0071857 0
45158 40 0.0091977 0.0091977 0
45158 4 0.00661085 0.00661085 0
45158 41 0.0112097 0.0112097 0
45158 42 0.0071857 0.0071857 0
45158 43 0.0071857 0.0071857 0
45158 44 0.00689828 0.00689828 0
45158 45 0.00689828 0.00689828 0
45158 46 0.00689828 0.00689828 0
45158 47 0.00689828 0.00689828 0
45158 48 0.00747313 0.00747313 0
45158 49 0.0071857 0.0071857 0
45158 50 0.0071857 0.0071857 0
45158 5 0.0071857 0.0071857 0
45158 51 0.00747313 0.00747313 0
45158 52 0.00747313 0.00747313 0
45158 53 0.00747313 0.00747313 0
45158 54 0.0071857 0.0071857 0
45158 55 0.0071857 0.0071857 0
45158 56 0.0071857 0.0071857 0
45158 57 0.0071857 0.0071857 0
45158 58 0.00689828 0.00689828 0
45158 59 0.0071857 0.0071857 0
45158 60 0.00747313 0.00747313 0
45158 6 0.00747313 0.00747313 0
45158 61 0.0071857 0.0071857 0
45158 62 0.00689828 0.00689828 0
45158 63 0.0071857 0.0071857 0
45158 7 0.00747313 0.00747313 0
45158 8 0.00689828 0.00689828 0
45158 9 0.00747313 0.00747313 0
45159 0 0.00689828 0.00689828 0
45159 10 0.00833542 0.00833542 0
45159 1 0.0071857 0.0071857 0
45159 11 0.00804799 0.00804799 0
45159 12 0.00747313 0.00747313 0
45159 13 0.0071857 0.0071857 0
45159 14 0.0071857 0.0071857 0
45159 15 0.0071857 0.0071857 0
45159 16 0.00661085 0.00661085 0
45159 17 0.00689828 0.00689828 0
45159 18 0.00747313 0.00747313 0
45159 19 0.0071857 0.0071857 0
45159 20 0.00747313 0.00747313 0
45159 2 0.00747313 0.00747313 0
45159 21 0.00776056 0.00776056 0
45159 22 0.00776056 0.00776056 0
45159 23 0.00804799 0.00804799 0
45159 24 0.00977256 0.00977256 0
45159 25 0.00747313 0.00747313 0
45159 26 0.0071857 0.0071857 0
45159 27 0.0071857 0.0071857 0
45159 28 0.0071857 0.0071857 0
45159 29 0.00689828 0.00689828 0
45159 30 0.00661085 0.00661085 0
45159 3 0.0071857 0.0071857 0
45159 31 0.00689828 0.00689828 0
45159 32 0.00689828 0.00689828 0
45159 33 0.00747313 0.00747313 0
45159 34 0.0071857 0.0071857 0
45159 35 0.0071857 0.0071857 0
45159 36 0.0071857 0.0071857 0
45159 37 0.0071857 0.0071857 0
45159 38 0.0071857 0.0071857 0
45159 39 0.0071857 0.0071857 0
45159 40 0.0071857 0.0071857 0
45159 4 0.00747313 0.00747313 0
45159 41 0.0071857 0.0071857 0
45159 42 0.00689828 0.00689828 0
45159 43 0.0071857 0.0071857 0
45159 44 0.00689828 0.00689828 0
45159 45 0.00689828 0.00689828 0
45159 46 0.00689828 0.00689828 0
45159 47 0.00689828 0.00689828 0
45159 48 0.00689828 0.00689828 0
45159 49 0.00689828 0.00689828 0
45159 50 0.00747313 0.00747313 0
45159 5 0.00776056 0.00776056 0
45159 51 0.00776056 0.00776056 0
45159 52 0.0071857 0.0071857 0
45159 53 0.0071857 0.0071857 0
45159 54 0.0071857 0.0071857 0
45159 55 0.00747313 0.00747313 0
45159 56 0.00747313 0.00747313 0
45159 57 0.0071857 0.0071857 0
45159 58 0.00689828 0.00689828 0
45159 59 0.0071857 0.0071857 0
45159 60 0.00689828 0.00689828 0
45159 6 0.00747313 0.00747313 0
45159 61 0.0071857 0.0071857 0
45159 62 0.00747313 0.00747313 0
45159 63 0.00747313 0.00747313 0
45159 7 0.00747313 0.00747313 0
45159 8 0.00776056 0.00776056 0
45159 9 0.00804799 0.00804799 0
45160 0 0.00747313 0.00747313 0
45160 10 0.0071857 0.0071857 0
45160 1 0.0071857 0.0071857 0
45160 11 0.00689828 0.00689828 0
45160 12 0.00689828 0.00689828 0
45160 13 0.00661085 0.00661085 0
45160 14 0.00661085 0.00661085 0
45160 15 0.00661085 0.00661085 0
45160 16 0.00661085 0.00661085 0
45160 17 0.00689828 0.00689828 0
45160 18 0.00661085 0.00661085 0
45160 19 0.00661085 0.00661085 0
45160 20 0.00689828 0.00689828 0
45160 2 0.0071857 0.0071857 0
45160 21 0.00689828 0.00689828 0
45160 22 0.00689828 0.00689828 0
45160 23 0.0071857 0.0071857 0
45160 24 0.00747313 0.00747313 0
45160 25 0.0071857 0.0071857 0
45160 26 0.00661085 0.00661085 0
45160 27 0.00661085 0.00661085 0
45160 28 0.00661085 0.00661085 0
45160 29 0.00661085 0.00661085 0
45160 30 0.00661085 0.00661085 0
45160 3 0.00689828 0.00689828 0
45160 31 0.00689828 0.00689828 0
45160 32 0.00661085 0.00661085 0
45160 33 0.00689828 0.00689828 0
45160 34 0.00689828 0.00689828 0
45160 35 0.00689828 0.00689828 0
45160 36 0.00689828 0.00689828 0
45160 37 0.0071857 0.0071857 0
45160 38 0.0071857 0.0071857 0
45160 39 0.0071857 0.0071857 0
45160 40 0.0071857 0.0071857 0
45160 4 0.00689828 0.00689828 0
45160 41 0.0071857 0.0071857 0
45160 42 0.0071857 0.0071857 0
45160 43 0.0071857 0.0071857 0
45160 44 0.0071857 0.0071857 0
45160 45 0.0071857 0.0071857 0
45160 46 0.0071857 0.0071857 0
45160 47 0.00689828 0.00689828 0
45160 48 0.0071857 0.0071857 0
45160 49 0.0071857 0.0071857 0
45160 50 0.00747313 0.00747313 0
45160 5 0.00689828 0.00689828 0
45160 51 0.0071857 0.0071857 0
45160 52 0.0071857 0.0071857 0
45160 53 0.00747313 0.00747313 0
45160 54 0.00948513 0.00948513 0
45160 55 0.00747313 0.00747313 0
45160 56 0.00804799 0.00804799 0
45160 57 0.00804799 0.00804799 0
45160 58 0.00747313 0.00747313 0
45160 59 0.0071857 0.0071857 0
45160 60 0.0071857 0.0071857 0
45160 6 0.00689828 0.00689828 0
45160 61 0.0109223 0.0109223 0
45160 62 0.0071857 0.0071857 0
45160 63 0.0071857 0.0071857 0
45160 7 0.0071857 0.0071857 0
45160 8 0.0071857 0.0071857 0
45160 9 0.0071857 0.0071857 0
45161 0 0.00747313 0.00747313 0
45161 10 0.00776056 0.00776056 0
45161 1 0.00747313 0.00747313 0
45161 11 0.00747313 0.00747313 0
45161 12 0.0103474 0.0103474 0
45161 13 0.00747313 0.00747313 0
45161 14 0.00804799 0.00804799 0
45161 15 0.00747313 0.00747313 0
45161 16 0.0071857 0.0071857 0
45161 17 0.0071857 0.0071857 0
45161 18 0.00747313 0.00747313 0
45161 19 0.00747313 0.00747313 0
45161 20 0.0071857 0.0071857 0
45161 2 0.00776056 0.00776056 0
45161 21 0.00776056 0.00776056 0
45161 22 0.0071857 0.0071857 0
45161 23 0.0071857 0.0071857 0
45161 24 0.00689828 0.00689828 0
45161 25 0.00747313 0.00747313 0
45161 26 0.0071857 0.0071857 0
45161 27 0.00689828 0.00689828 0
45161 28 0.00689828 0.00689828 0
45161 29 0.00747313 0.00747313 0
45161 30 0.0071857 0.0071857 0
45161 3 0.00747313 0.00747313 0
45161 31 0.00689828 0.00689828 0
45161 32 0.0071857 0.0071857 0
45161 33 0.00747313 0.00747313 0
45161 34 0.0071857 0.0071857 0
45161 35 0.0071857 0.0071857 0
45161 36 0.00689828 0.00689828 0
45161 37 0.00689828 0.00689828 0
45161 38 0.00747313 0.00747313 0
45161 39 0.0071857 0.0071857 0
45161 40 0.00747313 0.00747313 0
45161 4 0.00948513 0.00948513 0
45161 41 0.0071857 0.0071857 0
45161 42 0.00689828 0.00689828 0
45161 43 0.00689828 0.00689828 0
45161 44 0.00689828 0.00689828 0
45161 45 0.00689828 0.00689828 0
45161 46 0.00747313 0.00747313 0
45161 47 0.0071857 0.0071857 0
45161 48 0.00747313 0.00747313 0
45161 49 0.00747313 0.00747313 0
45161 50 0.0071857 0.0071857 0
45161 5 0.00747313 0.00747313 0
45161 51 0.00689828 0.00689828 0
45161 52 0.00689828 0.00689828 0
45161 53 0.00689828 0.00689828 0
45161 54 0.0071857 0.0071857 0
45161 55 0.00689828 0.00689828 0
45161 56 0.00747313 0.00747313 0
45161 57 0.00747313 0.00747313 0
45161 58 0.00804799 0.00804799 0
45161 59 0.00776056 0.00776056 0
45161 60 0.00747313 0.00747313 0
45161 6 0.00747313 0.00747313 0
45161 61 0.00747313 0.00747313 0
45161 62 0.00747313 0.00747313 0
45161 63 0.00689828 0.00689828 0
45161 7 0.00747313 0.00747313 0
45161 8 0.00747313 0.00747313 0
45161 9 0.00747313 0.00747313 0
